id,uid,name
2,u1,Sara
